100
369815192 -999974109 -999997167 368786142 24813 11473
-999989087 -999992345 -459937739 32668 4716 433450823
168643104 -999983292 -999990948 723999583 27135 22405
-999971989 -11497219 -999993132 83 3093 26827
-472361940 -509207183 -999996241 641524905 7453 977130189
-999984298 -999996544 -999992365 5257 5517 2853
-474856201 -999970387 -292946806 345162601 29035 669989295
-999979344 -261978890 -258767632 7996 126430524 19086
480417174 -999978094 -999999763 187728848 17101 21185
-584376173 -604585923 -999980283 26293 11728 29608
-999968292 -999999934 -999997734 9176 2674 8720
-999997180 -999985708 -999975999 38610407 9354 15283
163384296 -999978846 -292230118 659932604 23654 6398
-999989136 -237045882 533478017 11508 31122 15381
-487203694 -978910012 -194918491 24248 694229368 190509131
32368442 -762169491 -999980440 920816997 16915 9383
193338755 -999988865 -999971025 814051686 519753174 831436913
-999980621 -307252248 -593345899 75339057 726433759 921986700
232812746 -999992512 205994689 847786980 22747 31802
224585829 -29336609 -999984024 450897878 28945 4300
-999977737 -950348798 -999999849 882470647 964845756 5047
-97374215 -999973786 -999982529 12688 906239612 239069372
-999981259 -999983142 -217574864 5624 381015800 14641
-235845155 -999982358 -932539513 2590 438204194 11471
-999980187 -999992506 76092843 667948008 53074713 373148260
-204841413 -999985421 662628895 8878 193407964 723104498
-414464632 -747328780 938276412 736315649 573141654 17735
-652572586 -999995632 -999987183 18779 398104901 20323
457061418 -999998690 170411943 670755615 807080123 12483
-999978673 -999970420 -641512558 829938062 15677 8826
-565532436 -999988014 -999994641 12242 236046646 13471
-999984765 -999990963 -999981832 8656 879338444 36778901
-999986915 -999995645 -999996156 724812461 11225 18735
-999977710 -425443872 -721458394 30839616 215274612 24328
-567055892 -999975934 -999972117 13274 429277793 4616
412769089 -267485156 644954619 906536349 424954991 741666089
553946621 -999984901 -697338143 7584 4082 22222
283888717 -87616351 -999976757 27536 589794055 652779149
801447333 -416201890 -999992771 31837985 8130 6943
-999990953 -996673354 -999985761 910143843 22758 825101718
271963573 -999968522 -183258943 567775024 29500 8447
-999975910 -42246413 -999996992 11149 10708 10292
235935228 -94493480 -15470427 22063 5877 617797695
-999969029 -218547374 477660219 10949 929031464 69407167
843942880 -999980184 577340919 24836 478185649 12772
-999982514 -164865081 -442632503 657472036 3953 32035
665179242 -159694583 -999994027 940040861 177365174 15582
112068950 -999973067 -344823957 917175021 30639 29301
191167497 -29837436 -999979553 10580 26328 4906
-159874260 -733230598 -730002223 30852 151570274 454738913
-999980796 -999987199 -999982489 444604296 935020112 227841804
-999984733 -999989479 909811937 390780582 18645 4290
-999970561 -678525726 -999972921 542707886 338633204 16301
-999987280 -999989691 -999988583 348767654 23566 395499372
-999997362 -999968838 -999996421 161518600 1754 259939425
-999976303 -349821153 -999973554 700524925 32739147 923166959
340444340 -999979582 -999986654 405367626 617530768 344844904
-999993008 -999992441 -999999561 444055496 4245 599612416
-999972563 -852197004 -999980557 17707 12108 403980513
-968095673 -999984075 -999981728 458061630 188694531 715885794
-999975630 -999988240 -999984374 37251591 14728 23414
787956860 -999970623 -999973103 962007283 159829024 30423
-896662161 -999988201 -999995558 25837 385882692 925363316
-999980171 -841057076 -999967550 6283 601500318 16588
-335219252 -999995603 -999999224 30171 364517752 541955228
414837317 -999972358 -999967621 2690 412843654 28653
-699250263 -561648866 -291831929 13667 16738 439508860
-843422343 -41910856 -493252948 1586 3822 18414
427483959 -781319817 -999983440 14710 780396509 96793922
-999972421 -907126282 -999977247 11584 12560 21528
-999970149 -293980847 -999968586 744305150 885671450 8547
-999970349 -74014735 -966715905 32632 472143828 366400379
-999995303 -284396359 913330392 49038804 627684123 574284392
-796590632 -999986889 481962904 16314 872776588 21857
-292460673 -999973718 -999999006 95704704 903426363 13814
-999995313 -999998141 969366245 700758655 562909392 883452212
-540947018 -713666344 -999978383 970998609 32657 169794758
-999976190 -875611042 -653648568 903299168 482313180 6544
-417604918 -999998211 -999987349 15033 5878 26079
-759940566 -341782465 -999987425 5439 25553 4447
-999974966 -541019071 -999976501 791969746 647313742 5182
857067847 -583238617 -977943303 9055 4246 10668
-306476392 -377561780 155840753 9104 616909027 637065711
-999985471 -999992338 -186631594 413722412 598708935 1112
-620777480 -289068465 -451878626 15439 741053944 211488148
-944045990 -999978967 646468552 30785 16187 20087
-999967745 -999998003 -544330423 26788 775565819 939812806
-536235955 -105382908 431067669 141655804 523896950 633693381
-999994113 -149600021 -386963060 655227005 940145703 11681
-999990118 -857264375 -340582200 833812521 560660165 914872411
-999997051 -999998717 186629026 19639 17013 18132
159445760 -261295655 -999984665 12082 629206402 821907993
27745062 -999986053 797014508 22866 284034541 7151
797254117 -149517318 -11377252 750737699 963967910 19039
536713797 -870892241 -999973565 6891 3091 5162
-501999442 -999979493 950336093 144411865 261859040 29992
-999994119 -990675848 -999977984 695703616 969419284 260363904
-999983461 -16257647 -992210996 969739508 25198 25203
486063606 -878221376 -999998192 3413 127826191 683010731
-999985519 -882327378 269256726 29724 80329503 565