163946.10257
240988.86244
98210.30997
3717.96207
98387.00051
181260.67856
35005.91284
38837.43375
128914.87101
65587.52712
373975.09004
109430.97197
167616.35637
107315.46025
2.94430
192489.96929
3.97457
0.87151
70635.60937
304489.00106
174851.51941
4.87894
53442.03406
60737.55861
29.46772
6.84467
86843.83490
17097.16315
58435.81700
166215.44156
32255.90333
1.13746
127774.08640
11520.45310
93788.34010
2.05580
392399.91655
2.18191
310695.20648
43795.52059
120050.13011
3947.63032
45699.74523
21.52453
20876.03123
167556.80526
122718.91825
67607.94952
243927.23272
6.12793
3.02085
508031.08454
33294.92354
42434.45950
570108.28272
11.44393
5.68023
235570.22020
70382.97032
5.94203
69488.07961
66742.22087
2.70310
2.24818
3.96997
49379.62308
41454.06629
92273.39246
15.74867
72224.01301
87084.12156
0.24752
3.78585
58497.44150
51686.47755
4.71694
25989.28995
147834.21465
196874.22040
67354.93907
152831.74008
453479.32415
1.33772
820622.05683
1.18870
140957.95911
1.77420
2.08083
76816.36381
2.84044
124222.25579
1.88892
107578.60754
57954.88494
571438.70912
48666.71610
3.69397
39192.28411
13.50402
2246457.43580
